SymD version 1.61: ./helper_scripts/symd1.61-linux ./motifs/1sak
! Protein Name:  1sak
! Protein Size:     62
! Best IS:         -31
! N-aligned at best IS:   62
! Ts/Nr at best IS:  1.0000
! TM/Nr at best IS:  1.0000
! Z(TsC), Z(Ts), Z(TM) at best IS:  17.03,  9.06,  8.77
! RMSD at best IS:     0.002
! Highest-scoring angle:      180.0
! Highest-scoring p-transl:   -0.00
! Derived unit angle:         180.0
! Derived unit p-transl:      -0.00
! Average rise along the symmetry axis between symm. equivalent atoms before flipping:   -0.00
! Sum of rotation angles around the symmetry axis before flipping: -507.39
!
AS = average shift.
aas = average absolute value of shifts.
nm = number of aligned residues.
nma = number of non-self aligned residues.
idm = 1, if rotation matrix was set to identity.
idm = 2, if rotation matrix was set to identity and translation was set arbitrarily to the unit vector along the z-axis.
S? = 1 if signal; = 0 if background noise.
!                            Rotation Parallel  
!  IS     AS    aas   nm  nma  angle  transl. idm nma/nr   Ts/nr   TM/nr Zc(Ts) Z1(Ts) Z1(Tm) S?   Ux       Uy       Uz
  -59    0.0    0.0    0    0    0.0   -0.00   2  0.0000  0.0000  0.0000  -1.01  -1.19  -1.32  1 -0.00000 -0.00000 -1.00000 
  -58    4.0    4.0    4    4  199.9   24.63   0  0.0645  0.0313  0.0396  -0.45  -0.87  -0.92  0  0.88329  0.45406 -0.11677 
  -57    0.0    0.0    0    0    0.0   -0.00   2  0.0000  0.0000  0.0000  -1.01  -1.19  -1.32  1 -0.00000 -0.00000 -1.00000 
  -56    0.0   15.0   16   16  312.0  -21.92   0  0.2581  0.2302  0.2415   3.14   1.17   1.12  0 -0.49511 -0.86883 -0.00025 
  -55    0.0    0.0    0    0    0.0   -0.00   2  0.0000  0.0000  0.0000  -1.01  -1.19  -1.32  1 -0.00000 -0.00000 -1.00000 
  -54    0.0    0.0    0    0    0.0   -0.00   2  0.0000  0.0000  0.0000  -1.01  -1.19  -1.32  1 -0.00000 -0.00000 -1.00000 
  -53    8.0    8.0    8    8  122.2   18.19   0  0.1290  0.0232  0.0360  -0.59  -0.95  -0.95  0  0.74565  0.63122 -0.21345 
  -52    0.0   11.0   24   24  329.7  -16.25   0  0.3871  0.2893  0.3236   4.21   1.78   1.95  0 -0.58051 -0.81425 -0.00024 
  -51    0.0    0.0    0    0    0.0   -0.00   2  0.0000  0.0000  0.0000  -1.01  -1.19  -1.32  1 -0.00000 -0.00000 -1.00000 
  -50    0.0    0.0    0    0    0.0   -0.00   2  0.0000  0.0000  0.0000  -1.01  -1.19  -1.32  1 -0.00000 -0.00000 -1.00000 
  -49   11.9   11.9   13   13   66.9   13.90   0  0.2097  0.0707  0.0958   0.26  -0.46  -0.35  0  0.44014  0.86754 -0.23161 
  -48   11.0   11.0   10   10   32.2   12.56   0  0.1613  0.0307  0.0457  -0.46  -0.87  -0.85  1 -0.34630  0.35387 -0.86882 
  -47    0.0    0.0    0    0    0.0   -0.00   2  0.0000  0.0000  0.0000  -1.01  -1.19  -1.32  1 -0.00000 -0.00000 -1.00000 
  -46    0.0    0.0    0    0    0.0   -0.00   2  0.0000  0.0000  0.0000  -1.01  -1.19  -1.32  1 -0.00000 -0.00000 -1.00000 
  -45   15.0   15.0   11   11   79.5    3.30   0  0.1774  0.0488  0.0691  -0.13  -0.69  -0.62  1 -0.12406  0.61856 -0.77588 
  -44    0.0    0.0    0    0    0.0   -0.00   2  0.0000  0.0000  0.0000  -1.01  -1.19  -1.32  1 -0.00000 -0.00000 -1.00000 
  -43    0.0    0.0    0    0    0.0   -0.00   2  0.0000  0.0000  0.0000  -1.01  -1.19  -1.32  1 -0.00000 -0.00000 -1.00000 
  -42    0.0    0.0    0    0    0.0   -0.00   2  0.0000  0.0000  0.0000  -1.01  -1.19  -1.32  1 -0.00000 -0.00000 -1.00000 
  -41    0.0    0.0    0    0    0.0   -0.00   2  0.0000  0.0000  0.0000  -1.01  -1.19  -1.32  1 -0.00000 -0.00000 -1.00000 
  -40   23.0   23.0   14   14  197.1   -5.19   0  0.2258  0.2170  0.2208   2.91   1.04   0.91  1  0.49228 -0.36401 -0.79067 
  -39  -27.8   29.3   42   42  187.7   -0.69   0  0.6774  0.2683  0.3584   3.83   1.56   2.30  1  0.04952  0.00849 -0.99874 
  -38    3.9   31.0   55   55  180.0   -0.00   0  0.8871  0.8871  0.8871  15.00   7.90   7.63  1 -0.00002  0.00002 -1.00000 
  -37   28.0   28.0   13   13  165.2    7.02   0  0.2097  0.1994  0.2038   2.59   0.86   0.74  1 -0.35709  0.33518 -0.87186 
  -36    2.7   31.0   57   57  180.0   -0.00   0  0.9194  0.9194  0.9194  15.58   8.24   7.96  1 -0.00001  0.00002 -1.00000 
  -35    2.1   31.0   58   58  180.0   -0.00   0  0.9355  0.9355  0.9355  15.87   8.40   8.12  1 -0.00000  0.00002 -1.00000 
  -34    1.6   31.0   59   59  180.0   -0.00   0  0.9516  0.9516  0.9516  16.16   8.57   8.28  1 -0.00000  0.00001 -1.00000 
  -33    1.0   31.0   60   60  180.0   -0.00   0  0.9677  0.9677  0.9677  16.45   8.73   8.44  1  0.00000  0.00001 -1.00000 
  -32    0.5   31.0   61   61  180.0   -0.00   0  0.9839  0.9839  0.9839  16.74   8.90   8.61  1  0.00001  0.00001 -1.00000 
  -31    0.0   31.0   62   62  180.0   -0.00   0  1.0000  1.0000  1.0000  17.03   9.06   8.77  1  0.00001  0.00000 -1.00000 
  -30   -0.5   31.0   61   61  180.0    0.00   0  0.9839  0.9839  0.9839  16.74   8.90   8.61  1  0.00001  0.00000 -1.00000 
  -29   -1.0   31.0   60   60  180.0    0.00   0  0.9677  0.9677  0.9677  16.45   8.73   8.44  1  0.00002  0.00000 -1.00000 
  -28  -17.7   25.1   14   14  148.3   -0.70   0  0.2258  0.0693  0.0950   0.24  -0.48  -0.36  1 -0.30707 -0.11933 -0.94418 
  -27  -30.0   30.0   22   22  161.9    8.98   0  0.3548  0.3213  0.3352   4.79   2.11   2.06  0 -0.57254  0.47372 -0.66917 
  -26    0.0    0.0    0    0    0.0   -0.00   2  0.0000  0.0000  0.0000  -1.01  -1.19  -1.32  1 -0.00000 -0.00000 -1.00000 
  -25    0.0    0.0    0    0    0.0   -0.00   2  0.0000  0.0000  0.0000  -1.01  -1.19  -1.32  1 -0.00000 -0.00000 -1.00000 
  -24    0.0    0.0    0    0    0.0   -0.00   2  0.0000  0.0000  0.0000  -1.01  -1.19  -1.32  1 -0.00000 -0.00000 -1.00000 
  -23    0.0    0.0    0    0    0.0   -0.00   2  0.0000  0.0000  0.0000  -1.01  -1.19  -1.32  1 -0.00000 -0.00000 -1.00000 
  -22   -6.0   27.8   45   45  181.5   -0.08   0  0.7258  0.3715  0.4570   5.69   2.62   3.29  1 -0.11591  0.03006 -0.99280 
  -21    0.0    0.0    0    0    0.0   -0.00   2  0.0000  0.0000  0.0000  -1.01  -1.19  -1.32  1 -0.00000 -0.00000 -1.00000 
  -20   -6.7   31.0   51   51  180.0   -0.00   0  0.8226  0.8226  0.8226  13.83   7.24   6.98  1  0.00001  0.00000 -1.00000 
  -19   -7.4   31.0   50   50  180.0   -0.00   0  0.8065  0.8064  0.8065  13.54   7.08   6.82  1  0.00001  0.00000 -1.00000 
  -18   -8.2   31.0   49   49  180.0   -0.00   0  0.7903  0.7903  0.7903  13.25   6.91   6.66  1  0.00002  0.00000 -1.00000 
  -17    0.0    0.0    0    0    0.0   -0.00   2  0.0000  0.0000  0.0000  -1.01  -1.19  -1.32  1 -0.00000 -0.00000 -1.00000 
  -16    0.0    0.0    0    0    0.0   -0.00   2  0.0000  0.0000  0.0000  -1.01  -1.19  -1.32  1 -0.00000 -0.00000 -1.00000 
  -15    0.0    0.0    0    0    0.0   -0.00   2  0.0000  0.0000  0.0000  -1.01  -1.19  -1.32  1 -0.00000 -0.00000 -1.00000 
  -14    0.0    0.0    0    0    0.0   -0.00   2  0.0000  0.0000  0.0000  -1.01  -1.19  -1.32  1 -0.00000 -0.00000 -1.00000 
  -13    0.0    0.0    0    0    0.0   -0.00   2  0.0000  0.0000  0.0000  -1.01  -1.19  -1.32  1 -0.00000 -0.00000 -1.00000 
  -12    0.0    0.0    0    0    0.0   -0.00   2  0.0000  0.0000  0.0000  -1.01  -1.19  -1.32  1 -0.00000 -0.00000 -1.00000 
  -11   -6.5    6.5   23   14  301.7    0.35   0  0.2258  0.0652  0.0886   0.17  -0.52  -0.42  0 -0.38980  0.57786 -0.71703 
  -10    0.0    0.0    0    0    0.0   -0.00   2  0.0000  0.0000  0.0000  -1.01  -1.19  -1.32  1 -0.00000 -0.00000 -1.00000 
   -9    0.0    0.0    0    0    0.0   -0.00   2  0.0000  0.0000  0.0000  -1.01  -1.19  -1.32  1 -0.00000 -0.00000 -1.00000 
   -8    0.0    0.0    0    0    0.0   -0.00   2  0.0000  0.0000  0.0000  -1.01  -1.19  -1.32  1 -0.00000 -0.00000 -1.00000 
   -7    0.0    0.0    0    0    0.0   -0.00   2  0.0000  0.0000  0.0000  -1.01  -1.19  -1.32  1 -0.00000 -0.00000 -1.00000 
   -6    0.0    0.0   56    0    0.0   -0.00   2  0.0000  0.0000  0.0000  -1.01  -1.19  -1.32  1 -0.00000 -0.00000 -1.00000 
   -5    0.0    0.0   57    0    0.0   -0.00   2  0.0000  0.0000  0.0000  -1.01  -1.19  -1.32  1 -0.00000 -0.00000 -1.00000 
   -4    0.0    0.0   58    0    0.0   -0.00   2  0.0000  0.0000  0.0000  -1.01  -1.19  -1.32  1 -0.00000 -0.00000 -1.00000 
   -3    0.0    0.0   59    0    0.0   -0.00   2  0.0000  0.0000  0.0000  -1.01  -1.19  -1.32  1 -0.00000 -0.00000 -1.00000 
   -2    0.0    0.0   60    0    0.0   -0.00   2  0.0000  0.0000  0.0000  -1.01  -1.19  -1.32  1 -0.00000 -0.00000 -1.00000 
   -1    0.0    0.0   61    0    0.0   -0.00   2  0.0000  0.0000  0.0000  -1.01  -1.19  -1.32  1 -0.00000 -0.00000 -1.00000 
    1    0.0    0.0   61    0    0.0   -0.00   2  0.0000  0.0000  0.0000  -1.01  -1.19  -1.32  1 -0.00000 -0.00000 -1.00000 
    2    0.0    0.0   60    0    0.0   -0.00   2  0.0000  0.0000  0.0000  -1.01  -1.19  -1.32  1 -0.00000 -0.00000 -1.00000 
    3    0.0    0.0   59    0    0.0   -0.00   2  0.0000  0.0000  0.0000  -1.01  -1.19  -1.32  1 -0.00000 -0.00000 -1.00000 
    4    0.0    0.0   58    0    0.0   -0.00   2  0.0000  0.0000  0.0000  -1.01  -1.19  -1.32  1 -0.00000 -0.00000 -1.00000 
    5    0.2    0.2   57    0    4.1   -0.13   0  0.0000  0.0000  0.0000  -1.01  -1.19  -1.32  0  0.01826  0.94815 -0.31730 
    6    0.0    0.0   56    0    0.0   -0.00   2  0.0000  0.0000  0.0000  -1.01  -1.19  -1.32  1 -0.00000 -0.00000 -1.00000 
    7    0.0    0.0    0    0    0.0   -0.00   2  0.0000  0.0000  0.0000  -1.01  -1.19  -1.32  1 -0.00000 -0.00000 -1.00000 
    8    0.0    0.0    0    0    0.0   -0.00   2  0.0000  0.0000  0.0000  -1.01  -1.19  -1.32  1 -0.00000 -0.00000 -1.00000 
    9    0.0    0.0    0    0    0.0   -0.00   2  0.0000  0.0000  0.0000  -1.01  -1.19  -1.32  1 -0.00000 -0.00000 -1.00000 
   10    0.0    0.0    0    0    0.0   -0.00   2  0.0000  0.0000  0.0000  -1.01  -1.19  -1.32  1 -0.00000 -0.00000 -1.00000 
   11    4.9    4.9   29   14   37.6    1.65   0  0.2258  0.0341  0.0539  -0.40  -0.84  -0.77  0  0.03553  0.69250 -0.72055 
   12    0.0    0.0    0    0    0.0   -0.00   2  0.0000  0.0000  0.0000  -1.01  -1.19  -1.32  1 -0.00000 -0.00000 -1.00000 
   13    0.0    0.0    0    0    0.0   -0.00   2  0.0000  0.0000  0.0000  -1.01  -1.19  -1.32  1 -0.00000 -0.00000 -1.00000 
   14    0.0    0.0    0    0    0.0   -0.00   2  0.0000  0.0000  0.0000  -1.01  -1.19  -1.32  1 -0.00000 -0.00000 -1.00000 
   15    0.0    0.0    0    0    0.0   -0.00   2  0.0000  0.0000  0.0000  -1.01  -1.19  -1.32  1 -0.00000 -0.00000 -1.00000 
   16    0.0    0.0    0    0    0.0   -0.00   2  0.0000  0.0000  0.0000  -1.01  -1.19  -1.32  1 -0.00000 -0.00000 -1.00000 
   17    0.0    0.0    0    0    0.0   -0.00   2  0.0000  0.0000  0.0000  -1.01  -1.19  -1.32  1 -0.00000 -0.00000 -1.00000 
   18    0.0    0.0    0    0    0.0   -0.00   2  0.0000  0.0000  0.0000  -1.01  -1.19  -1.32  1 -0.00000 -0.00000 -1.00000 
   19    0.0    0.0    0    0    0.0   -0.00   2  0.0000  0.0000  0.0000  -1.01  -1.19  -1.32  1 -0.00000 -0.00000 -1.00000 
   20  -30.0   30.0   11   11  166.2    8.65   0  0.1774  0.1639  0.1695   1.95   0.49   0.39  0 -0.58710  0.46641 -0.66165 
   21    0.0    0.0    0    0    0.0   -0.00   2  0.0000  0.0000  0.0000  -1.01  -1.19  -1.32  1 -0.00000 -0.00000 -1.00000 
   22  -26.0   26.0    9    9  162.7   10.51   0  0.1452  0.1429  0.1439   1.57   0.28   0.14  0 -0.73163  0.57969 -0.35871 
   23    0.0    0.0    0    0    0.0   -0.00   2  0.0000  0.0000  0.0000  -1.01  -1.19  -1.32  1 -0.00000 -0.00000 -1.00000 
   24    0.0    0.0    0    0    0.0   -0.00   2  0.0000  0.0000  0.0000  -1.01  -1.19  -1.32  1 -0.00000 -0.00000 -1.00000 
   25    0.0    0.0    0    0    0.0   -0.00   2  0.0000  0.0000  0.0000  -1.01  -1.19  -1.32  1 -0.00000 -0.00000 -1.00000 
   26    0.0    0.0    0    0    0.0   -0.00   2  0.0000  0.0000  0.0000  -1.01  -1.19  -1.32  1 -0.00000 -0.00000 -1.00000 
   27   12.3   30.3   31   31  181.3   -0.46   0  0.5000  0.1977  0.2614   2.56   0.84   1.32  1 -0.07595  0.04725 -0.99599 
   28   12.3   30.3   31   31  181.3   -0.46   0  0.5000  0.1977  0.2614   2.56   0.84   1.32  1 -0.07595  0.04725 -0.99599 
   29    1.0   31.0   60   60  180.0   -0.00   0  0.9677  0.9677  0.9677  16.45   8.73   8.44  1  0.00000  0.00001 -1.00000 
   30    0.5   31.0   61   61  180.0   -0.00   0  0.9839  0.9839  0.9839  16.74   8.90   8.61  1  0.00001  0.00001 -1.00000 
   31    0.0   31.0   62   62  180.0   -0.00   0  1.0000  1.0000  1.0000  17.03   9.06   8.77  1  0.00001  0.00000 -1.00000 
   32   -0.5   31.0   61   61  180.0    0.00   0  0.9839  0.9839  0.9839  16.74   8.90   8.61  1  0.00001  0.00000 -1.00000 
   33   -1.0   31.0   60   60  180.0    0.00   0  0.9677  0.9677  0.9677  16.45   8.73   8.44  1  0.00002  0.00000 -1.00000 
   34   -1.6   31.0   59   59  180.0    0.00   0  0.9516  0.9516  0.9516  16.16   8.57   8.28  1  0.00002 -0.00000 -1.00000 
   35   -2.1   31.0   58   58  180.0   -0.00   0  0.9355  0.9355  0.9355  15.87   8.40   8.12  1  0.00002 -0.00000 -1.00000 
   36   -2.7   31.0   57   57  180.0   -0.00   0  0.9194  0.9194  0.9194  15.58   8.24   7.96  1  0.00002 -0.00000 -1.00000 
   37   -3.3   31.0   56   56  180.0   -0.00   0  0.9032  0.9032  0.9032  15.29   8.07   7.79  1  0.00001 -0.00000 -1.00000 
   38   -3.9   31.0   55   55  180.0   -0.00   0  0.8871  0.8871  0.8871  15.00   7.90   7.63  1  0.00001 -0.00000 -1.00000 
   39   19.6   29.5   50   50  172.7    0.57   0  0.8065  0.3384  0.4459   5.09   2.28   3.18  1  0.06134 -0.02316 -0.99785 
   40   -5.3   31.0   53   53  180.0   -0.00   0  0.8548  0.8548  0.8548  14.41   7.57   7.31  1  0.00001  0.00000 -1.00000 
   41    0.0    0.0    0    0    0.0   -0.00   2  0.0000  0.0000  0.0000  -1.01  -1.19  -1.32  1 -0.00000 -0.00000 -1.00000 
   42    0.0    0.0    0    0    0.0   -0.00   2  0.0000  0.0000  0.0000  -1.01  -1.19  -1.32  1 -0.00000 -0.00000 -1.00000 
   43    0.0    0.0    0    0    0.0   -0.00   2  0.0000  0.0000  0.0000  -1.01  -1.19  -1.32  1 -0.00000 -0.00000 -1.00000 
   44    0.0    0.0    0    0    0.0   -0.00   2  0.0000  0.0000  0.0000  -1.01  -1.19  -1.32  1 -0.00000 -0.00000 -1.00000 
   45  -15.0   15.0   11   11  280.5   -3.30   0  0.1774  0.0488  0.0691  -0.13  -0.69  -0.62  1 -0.12406  0.61856 -0.77588 
   46    0.0    0.0    0    0    0.0   -0.00   2  0.0000  0.0000  0.0000  -1.01  -1.19  -1.32  1 -0.00000 -0.00000 -1.00000 
   47    0.0    0.0    0    0    0.0   -0.00   2  0.0000  0.0000  0.0000  -1.01  -1.19  -1.32  1 -0.00000 -0.00000 -1.00000 
   48  -11.0   11.0   10   10  327.8  -12.56   0  0.1613  0.0307  0.0457  -0.46  -0.87  -0.85  1 -0.34630  0.35387 -0.86882 
   49  -11.9   11.9   13   13  293.1  -13.90   0  0.2097  0.0707  0.0958   0.26  -0.46  -0.35  0  0.44014  0.86754 -0.23161 
   50    0.0    0.0    0    0    0.0   -0.00   2  0.0000  0.0000  0.0000  -1.01  -1.19  -1.32  1 -0.00000 -0.00000 -1.00000 
   51    0.0    0.0    0    0    0.0   -0.00   2  0.0000  0.0000  0.0000  -1.01  -1.19  -1.32  1 -0.00000 -0.00000 -1.00000 
   52    0.0    0.0    0    0    0.0   -0.00   2  0.0000  0.0000  0.0000  -1.01  -1.19  -1.32  1 -0.00000 -0.00000 -1.00000 
   53   -8.0    8.0    8    8  237.8  -18.19   0  0.1290  0.0232  0.0360  -0.59  -0.95  -0.95  0  0.74565  0.63122 -0.21345 
   54    0.0    0.0    0    0    0.0   -0.00   2  0.0000  0.0000  0.0000  -1.01  -1.19  -1.32  1 -0.00000 -0.00000 -1.00000 
   55    0.0    0.0    0    0    0.0   -0.00   2  0.0000  0.0000  0.0000  -1.01  -1.19  -1.32  1 -0.00000 -0.00000 -1.00000 
   56  -15.0   15.0    8    8   51.8   22.41   0  0.1290  0.1249  0.1267   1.24   0.09  -0.04  0 -0.48636 -0.85169 -0.19513 
   57    0.0    0.0    0    0    0.0   -0.00   2  0.0000  0.0000  0.0000  -1.01  -1.19  -1.32  1 -0.00000 -0.00000 -1.00000 
   58   -4.0    4.0    4    4  160.1  -24.63   0  0.0645  0.0313  0.0396  -0.45  -0.87  -0.92  0  0.88329  0.45406 -0.11677 
   59    0.0    0.0    0    0    0.0   -0.00   2  0.0000  0.0000  0.0000  -1.01  -1.19  -1.32  1 -0.00000 -0.00000 -1.00000 
