SymD version 1.61: ./helper_scripts/symd1.61-linux ./motifs/2bo3
! Protein Name:  2bo3
! Protein Size:    158
! Best IS:         -79
! N-aligned at best IS:  158
! Ts/Nr at best IS:  1.0000
! TM/Nr at best IS:  1.0000
! Z(TsC), Z(Ts), Z(TM) at best IS:  33.01, 25.19, 16.84
! RMSD at best IS:     0.002
! Highest-scoring angle:      180.0
! Highest-scoring p-transl:   -0.00
! Derived unit angle:         180.0
! Derived unit p-transl:      -0.00
! Average rise along the symmetry axis between symm. equivalent atoms before flipping:    0.00
! Sum of rotation angles around the symmetry axis before flipping:  981.76
!
AS = average shift.
aas = average absolute value of shifts.
nm = number of aligned residues.
nma = number of non-self aligned residues.
idm = 1, if rotation matrix was set to identity.
idm = 2, if rotation matrix was set to identity and translation was set arbitrarily to the unit vector along the z-axis.
S? = 1 if signal; = 0 if background noise.
!                            Rotation Parallel  
!  IS     AS    aas   nm  nma  angle  transl. idm nma/nr   Ts/nr   TM/nr Zc(Ts) Z1(Ts) Z1(Tm) S?   Ux       Uy       Uz
 -155   69.0   69.0   16   16  226.9    6.37   0  0.1013  0.0820  0.0944   1.51   0.13  -1.19  1 -0.53819  0.30015 -0.78757 
 -154  -16.2   18.0   18   18  102.8  -20.78   0  0.1139  0.0801  0.1049   1.44   0.08  -0.98  0  0.68727 -0.68493 -0.24192 
 -153   28.0   28.0   24   24  161.5  -14.25   0  0.1519  0.0404  0.0924   0.08  -1.00  -1.23  0  0.41765 -0.49679 -0.76076 
 -152    6.0    6.0    6    6  218.0    2.20   0  0.0380  0.0372  0.0378  -0.03  -1.09  -2.32  1 -0.02948  0.05201 -0.99821 
 -151    7.0    7.0    7    7  254.0   18.66   0  0.0443  0.0437  0.0442   0.19  -0.91  -2.19  0 -0.56987  0.61773 -0.54190 
 -150   -7.4   14.9   17   17  120.2  -18.83   0  0.1076  0.0608  0.0903   0.78  -0.45  -1.27  0  0.58727 -0.73535 -0.33820 
 -149    3.8    3.8   35    9  187.5   -2.89   0  0.0570  0.0368  0.0515  -0.04  -1.10  -2.04  1  0.14535 -0.31089 -0.93927 
 -148   10.0   10.0   10   10  234.8   11.42   0  0.0633  0.0622  0.0631   0.83  -0.41  -1.81  1 -0.22062  0.29883 -0.92845 
 -147   -4.0   13.3   26   26  106.5  -19.25   0  0.1646  0.1154  0.1499   2.65   1.05  -0.08  0  0.67066 -0.74056 -0.04232 
 -146   30.4   30.4   68   68  185.7   -0.93   0  0.4304  0.0421  0.1321   0.14  -0.96  -0.44  0 -0.02845 -0.84267 -0.53768 
 -145   -5.5   11.2   59   32  223.8    4.10   0  0.2025  0.0243  0.0757  -0.47  -1.44  -1.56  1  0.13018 -0.39955 -0.90742 
 -144   14.0   14.0   13   13  247.6   17.96   0  0.0823  0.0779  0.0814   1.37   0.02  -1.45  1 -0.40311  0.48752 -0.77449 
 -143    4.0   13.3   26   26  253.5   19.25   0  0.1646  0.1154  0.1499   2.65   1.05  -0.08  0 -0.67066  0.74056 -0.04230 
 -142   52.4   79.0   95   95  180.0    0.00   0  0.6013  0.6013  0.6013  19.33  14.31   8.90  1  0.00000 -0.00000 -1.00000 
 -141    8.4   14.8   25   25  221.7   11.97   0  0.1582  0.0598  0.1141   0.75  -0.47  -0.80  1  0.00627  0.18602 -0.98253 
 -140    9.7   14.8   25   25  248.8   19.50   0  0.1582  0.0964  0.1340   2.00   0.53  -0.40  0 -0.61232  0.74379 -0.26803 
 -139   30.7   30.7   44   44  189.7  -10.24   0  0.2785  0.0555  0.1373   0.60  -0.59  -0.33  0  0.58618 -0.72665 -0.35829 
 -138   37.4   38.4   43   32  187.3    4.07   0  0.2025  0.0557  0.1239   0.61  -0.58  -0.60  1  0.32961 -0.05479 -0.94253 
 -137   21.0   21.0   14   14  235.9   20.35   0  0.0886  0.0723  0.0838   1.17  -0.13  -1.40  1 -0.28460  0.34580 -0.89410 
 -136   11.6   17.1   23   23  242.6   20.02   0  0.1456  0.0703  0.1185   1.11  -0.19  -0.71  0 -0.69497  0.68590 -0.21576 
 -135   23.0   23.0   17   17  153.8   -0.57   0  0.1076  0.0662  0.0906   0.97  -0.30  -1.26  0  0.53770 -0.39883 -0.74284 
 -134   17.6   57.7   46   46  212.1   10.79   0  0.2911  0.0794  0.1817   1.42   0.06   0.55  1  0.18442 -0.00143 -0.98285 
 -133  -70.0   70.0    8    8  179.5    8.72   0  0.0506  0.0223  0.0390  -0.54  -1.50  -2.29  0  0.11217  0.86661 -0.48622 
 -132   39.6   39.6   34   34  189.8  -11.67   0  0.2152  0.0476  0.1091   0.33  -0.81  -0.90  0  0.79143 -0.56386 -0.23599 
 -131   41.0   41.0   56   56  210.3   -0.83   0  0.3544  0.0887  0.2000   1.74   0.32   0.91  0  0.09520 -0.87950 -0.46628 
 -130   29.6   29.6   23   23  207.3   -4.47   0  0.1456  0.0269  0.0681  -0.38  -1.37  -1.71  0  0.74995 -0.21109 -0.62691 
 -129   25.8   29.0   26   26  213.2   -4.36   0  0.1646  0.0343  0.0800  -0.13  -1.17  -1.47  0  0.75890 -0.13624 -0.63680 
 -128   25.0   34.6   43   43  245.1   -7.78   0  0.2722  0.0844  0.1651   1.59   0.20   0.22  0  0.88642 -0.39950 -0.23380 
 -127   37.4   37.4   55   55  219.2  -12.07   0  0.3481  0.0896  0.2018   1.77   0.34   0.95  0  0.92292 -0.33412 -0.19124 
 -126   54.9   54.9   57   57  253.2   -1.82   0  0.3608  0.0418  0.1308   0.13  -0.96  -0.46  0  0.63388  0.13249 -0.76200 
 -125    1.4   41.8   49   49  228.1   -7.18   0  0.3101  0.0485  0.1454   0.36  -0.78  -0.17  0  0.85309  0.13041 -0.50520 
 -124   -4.4   44.3   61   61  232.5   -5.33   0  0.3861  0.0530  0.1649   0.51  -0.66   0.21  0  0.86585  0.14761 -0.47804 
 -123  -23.1   47.9   62   62  246.5   -5.42   0  0.3924  0.0284  0.1154  -0.33  -1.33  -0.77  0  0.85306  0.12782 -0.50591 
 -122    6.0   44.0   52   52  232.8   -6.72   0  0.3291  0.1043  0.2166   2.27   0.74   1.24  0  0.88885  0.20725 -0.40865 
 -121    6.5   43.9   53   53  232.8   -6.72   0  0.3354  0.1078  0.2220   2.39   0.84   1.35  0  0.88672  0.20507 -0.41434 
 -120    7.8   43.7   52   52  233.9   -6.83   0  0.3291  0.1074  0.2214   2.38   0.83   1.34  0  0.88866  0.20145 -0.41196 
 -119   38.0   38.0   56   56  233.0   -7.50   0  0.3544  0.0889  0.2004   1.75   0.32   0.92  0  0.95215  0.09842 -0.28936 
 -118   37.8   37.8   61   61  227.1  -10.05   0  0.3861  0.0505  0.1533   0.43  -0.73  -0.02  0  0.97473 -0.09246 -0.20337 
 -117    8.7   44.4   51   51  234.7   -8.51   0  0.3228  0.0707  0.1703   1.12  -0.18   0.32  0  0.99259  0.10478 -0.06159 
 -116   39.6   39.6   64   64  231.1   -9.98   0  0.4051  0.0553  0.1587   0.59  -0.60   0.09  0  0.99155 -0.02557 -0.12720 
 -115    9.1   44.2   53   53  238.6   -6.93   0  0.3354  0.1629  0.2564   4.28   2.34   2.04  0  0.93282  0.13283 -0.33498 
 -114   41.6   41.6   57   57  137.0   11.36   0  0.3608  0.0526  0.1459   0.50  -0.67  -0.16  0 -0.99662 -0.07710 -0.02852 
 -113    0.8   30.5   47   47  166.6   16.61   0  0.2975  0.0934  0.1852   1.90   0.44   0.62  0 -0.93944 -0.12329 -0.31976 
 -112   41.6   41.6   57   57  137.0   11.36   0  0.3608  0.0526  0.1459   0.50  -0.67  -0.16  0 -0.99662 -0.07710 -0.02852 
 -111   28.3   46.0   47   47  244.5   -8.61   0  0.2975  0.0801  0.1796   1.44   0.08   0.51  0  0.93441  0.31802 -0.16045 
 -110   41.9   41.9   57   57  237.1  -11.25   0  0.3608  0.0380  0.1273  -0.00  -1.07  -0.53  0  0.99985  0.01150 -0.01325 
 -109   45.9   45.9   39   39  245.4   -6.73   0  0.2468  0.0622  0.1405   0.83  -0.41  -0.27  0  0.89095  0.44443 -0.09325 
 -108   48.7   48.7   34   34  116.9    4.14   0  0.2152  0.0417  0.1066   0.12  -0.97  -0.95  0 -0.89703 -0.43120 -0.09699 
 -107   50.6   50.6   27   27  121.8   13.12   0  0.1709  0.0432  0.1034   0.18  -0.93  -1.01  0 -0.78667 -0.48517 -0.38179 
 -106  -20.3   34.1   27   27  203.2  -17.50   0  0.1709  0.1249  0.1551   2.98   1.30   0.02  0  0.98686 -0.04345 -0.15564 
 -105   37.2   61.6   55   55  102.6    7.59   0  0.3481  0.0725  0.1883   1.18  -0.13   0.68  0 -0.68086 -0.44021 -0.58535 
 -104   48.5   48.5   53   53  177.5   11.33   0  0.3354  0.1284  0.2437   3.10   1.40   1.78  0 -0.80826 -0.37364 -0.45509 
 -103   47.0   47.0   54   54  169.7   12.40   0  0.3418  0.1357  0.2494   3.35   1.60   1.90  0 -0.78871 -0.38562 -0.47879 
 -102   56.2   56.2   50   50  120.6    9.96   0  0.3165  0.0361  0.1226  -0.07  -1.12  -0.63  0 -0.75680 -0.42838 -0.49371 
 -101   56.3   56.3   52   52  122.5    9.12   0  0.3291  0.0689  0.1663   1.06  -0.23   0.24  0 -0.73453 -0.42017 -0.53285 
 -100   30.4   54.5   50   50  110.4    7.76   0  0.3165  0.0918  0.1997   1.84   0.40   0.91  0 -0.78142 -0.31613 -0.53800 
  -99   49.4   49.4   54   54  124.5    7.01   0  0.3418  0.0453  0.1459   0.25  -0.87  -0.16  0 -0.67779 -0.40164 -0.61587 
  -98   49.6   49.6   54   54  127.1    6.59   0  0.3418  0.0447  0.1432   0.23  -0.89  -0.22  0 -0.70094 -0.38961 -0.59740 
  -97   63.6   63.6   31   31  104.4   16.40   0  0.1962  0.0623  0.1237   0.83  -0.40  -0.61  1 -0.55121 -0.03084 -0.83379 
  -96   63.6   63.6   31   31  104.4   16.40   0  0.1962  0.0623  0.1237   0.83  -0.40  -0.61  1 -0.55121 -0.03084 -0.83379 
  -95    8.9   79.0  142  142  180.0    0.00   0  0.8987  0.8987  0.8987  29.53  22.43  14.82  1  0.00000 -0.00000 -1.00000 
  -94    8.3   79.0  143  143  180.0    0.00   0  0.9051  0.9051  0.9051  29.75  22.60  14.95  1  0.00000 -0.00000 -1.00000 
  -93   66.6   66.6   71   71  117.5   10.14   0  0.4494  0.0819  0.2107   1.50   0.13   1.13  1 -0.49178 -0.30430 -0.81582 
  -92   66.6   66.6   71   71  117.5   10.14   0  0.4494  0.0819  0.2107   1.50   0.13   1.13  1 -0.49178 -0.30430 -0.81582 
  -91   32.4   35.1   71   71  124.7    6.31   0  0.4494  0.0924  0.2199   1.86   0.42   1.31  1 -0.30677 -0.41819 -0.85499 
  -90   53.9   53.9   72   72  139.4    4.96   0  0.4557  0.0679  0.1919   1.02  -0.25   0.75  1 -0.36590 -0.19832 -0.90928 
  -89    5.3   79.0  148  148  180.0    0.00   0  0.9367  0.9367  0.9367  30.84  23.46  15.58  1  0.00000 -0.00000 -1.00000 
  -88    4.8   79.0  149  149  180.0    0.00   0  0.9430  0.9430  0.9430  31.05  23.63  15.71  1  0.00000 -0.00000 -1.00000 
  -87   16.6   78.8  150  150  178.5   -0.24   0  0.9494  0.8392  0.9047  27.49  20.80  14.94  1 -0.00849  0.00304 -0.99996 
  -86    3.7   79.0  151  151  180.0    0.00   0  0.9557  0.9557  0.9557  31.49  23.98  15.96  1  0.00000 -0.00000 -1.00000 
  -85   17.4   78.7  152  152  178.4   -0.27   0  0.9620  0.8318  0.9098  27.24  20.60  15.04  1 -0.00912  0.00319 -0.99995 
  -84    2.6   79.0  153  153  180.0    0.00   0  0.9684  0.9684  0.9684  31.92  24.33  16.21  1  0.00000 -0.00000 -1.00000 
  -83    2.1   79.0  154  154  180.0    0.00   0  0.9747  0.9747  0.9747  32.14  24.50  16.34  1  0.00000 -0.00000 -1.00000 
  -82    1.5   79.0  155  155  180.0    0.00   0  0.9810  0.9810  0.9810  32.36  24.67  16.46  1  0.00000 -0.00000 -1.00000 
  -81    1.0   79.0  156  156  180.0    0.00   0  0.9873  0.9873  0.9873  32.57  24.84  16.59  1  0.00000 -0.00000 -1.00000 
  -80    0.5   79.0  157  157  180.0    0.00   0  0.9937  0.9937  0.9937  32.79  25.02  16.71  1  0.00000 -0.00000 -1.00000 
  -79    0.0   79.0  158  158  180.0   -0.00   0  1.0000  1.0000  1.0000  33.01  25.19  16.84  1  0.00000 -0.00000 -1.00000 
  -78   -0.5   79.0  157  157  180.0   -0.00   0  0.9937  0.9937  0.9937  32.79  25.02  16.71  1  0.00000 -0.00000 -1.00000 
  -77   -1.0   79.0  156  156  180.0   -0.00   0  0.9873  0.9873  0.9873  32.57  24.84  16.59  1  0.00000 -0.00000 -1.00000 
  -76   -1.5   79.0  155  155  180.0   -0.00   0  0.9810  0.9810  0.9810  32.36  24.67  16.46  1  0.00000 -0.00000 -1.00000 
  -75   -2.1   79.0  154  154  180.0   -0.00   0  0.9747  0.9747  0.9747  32.14  24.50  16.34  1  0.00000 -0.00000 -1.00000 
  -74   -2.6   79.0  153  153  180.0   -0.00   0  0.9684  0.9684  0.9684  31.92  24.33  16.21  1  0.00000 -0.00000 -1.00000 
  -73   -3.1   79.0  152  152  180.0   -0.00   0  0.9620  0.9620  0.9620  31.71  24.15  16.08  1  0.00000 -0.00000 -1.00000 
  -72   -3.7   79.0  151  151  180.0   -0.00   0  0.9557  0.9557  0.9557  31.49  23.98  15.96  1  0.00000 -0.00000 -1.00000 
  -71   -4.2   79.0  150  150  180.0   -0.00   0  0.9494  0.9494  0.9494  31.27  23.81  15.83  1  0.00000 -0.00000 -1.00000 
  -70   -4.8   79.0  149  149  180.0   -0.00   0  0.9430  0.9430  0.9430  31.05  23.63  15.71  1  0.00000 -0.00000 -1.00000 
  -69   59.9   59.9   50   50  262.6   -0.96   0  0.3165  0.0446  0.1251   0.23  -0.89  -0.58  1  0.56126  0.11398 -0.81975 
  -68   14.8   67.7   53   53  259.4   -1.96   0  0.3354  0.1720  0.2582   4.60   2.59   2.07  1  0.30941  0.17208 -0.93523 
  -67   47.3   66.7   54   54  252.0   -0.32   0  0.3418  0.0938  0.1987   1.91   0.46   0.89  1  0.26846  0.18703 -0.94496 
  -66   57.7   57.7   53   53  258.4   -3.25   0  0.3354  0.0493  0.1273   0.39  -0.76  -0.53  0  0.66208  0.08737 -0.74432 
  -65   -0.3   69.4   61   61  264.2   -4.39   0  0.3861  0.1056  0.2291   2.32   0.78   1.49  1  0.55405  0.16471 -0.81603 
  -64   56.9   56.9   51   51  254.8   -3.40   0  0.3228  0.0448  0.1193   0.23  -0.88  -0.69  0  0.67853  0.09111 -0.72890 
  -63   56.5   56.5   50   50  252.7   -3.41   0  0.3165  0.0421  0.1156   0.14  -0.96  -0.77  0  0.68197  0.09536 -0.72513 
  -62   17.7   20.4   46   46  255.4   -0.10   0  0.2911  0.0376  0.0999  -0.02  -1.08  -1.08  0  0.73637  0.00207 -0.67658 
  -61  -57.4   57.4   44   44   93.0    5.61   0  0.2785  0.0320  0.1003  -0.21  -1.23  -1.07  0  0.77469  0.53283 -0.34051 
  -60    0.0    0.0    4    0    0.0   -0.00   2  0.0000  0.0000  0.0000  -1.31  -2.11  -3.07  1 -0.00000 -0.00000 -1.00000 
  -59  -20.4   20.4   61   50  312.1    3.28   0  0.3165  0.0292  0.1044  -0.30  -1.31  -0.99  1  0.49538  0.34499 -0.79723 
  -58  -25.8   25.8   48   48  299.9    6.22   0  0.3038  0.0351  0.1158  -0.10  -1.15  -0.76  1  0.29365  0.39173 -0.87196 
  -57   39.4   39.4   39   39  237.0   -3.37   0  0.2468  0.1502  0.2112   3.85   1.99   1.14  0  0.88069  0.30790 -0.35998 
  -56   39.4   39.4   39   39  237.4   -3.32   0  0.2468  0.1487  0.2109   3.80   1.95   1.13  0  0.87688  0.31694 -0.36144 
  -55   39.4   39.4   39   39  237.4   -3.32   0  0.2468  0.1487  0.2109   3.80   1.95   1.13  0  0.87688  0.31694 -0.36144 
  -54   39.4   39.4   39   39  237.0   -3.37   0  0.2468  0.1502  0.2112   3.85   1.99   1.14  0  0.88069  0.30790 -0.35998 
  -53   40.3   40.3   40   40  236.3   -3.39   0  0.2532  0.1601  0.2219   4.19   2.26   1.35  0  0.88255  0.30303 -0.35955 
  -52   52.5   52.5   26   26  139.5   12.77   0  0.1646  0.0609  0.1187   0.78  -0.44  -0.71  0 -0.77625 -0.45189 -0.43958 
  -51   53.8   53.8   25   25  252.0   -1.38   0  0.1582  0.0315  0.0776  -0.23  -1.25  -1.52  0  0.68206  0.73033 -0.03759 
  -50  -47.5   47.5   40   40  243.6   -5.71   0  0.2532  0.0589  0.1401   0.71  -0.50  -0.28  0  0.86792  0.49011 -0.08074 
  -49   28.8   52.5   26   26  120.7    7.80   0  0.1646  0.0407  0.0928   0.09  -1.00  -1.22  0 -0.81858 -0.55969 -0.12910 
  -48   34.2   50.9   37   37  120.2    6.25   0  0.2342  0.0625  0.1334   0.84  -0.40  -0.41  0 -0.88558 -0.44540 -0.13175 
  -47   15.8   56.1   31   31   92.3    2.46   0  0.1962  0.0817  0.1415   1.50   0.12  -0.25  1 -0.38076 -0.14763 -0.91281 
  -46   52.5   52.5   28   28  143.1   12.45   0  0.1772  0.0708  0.1340   1.12  -0.17  -0.40  0 -0.76024 -0.45560 -0.46310 
  -45   54.1   54.1   30   30  145.4   12.84   0  0.1899  0.1053  0.1591   2.31   0.77   0.10  0 -0.73628 -0.40463 -0.54237 
  -44   54.1   54.1   30   30  145.4   12.84   0  0.1899  0.1053  0.1591   2.31   0.77   0.10  0 -0.73628 -0.40463 -0.54237 
  -43   54.1   54.1   30   30  145.4   12.84   0  0.1899  0.1053  0.1591   2.31   0.77   0.10  0 -0.73628 -0.40463 -0.54237 
  -42   54.1   54.1   30   30  145.4   12.84   0  0.1899  0.1053  0.1591   2.31   0.77   0.10  0 -0.73628 -0.40463 -0.54237 
  -41  -54.1   54.1   33   33  166.7   -8.84   0  0.2089  0.0307  0.0835  -0.25  -1.27  -1.41  0 -0.73678 -0.11635 -0.66604 
  -40  -38.2   38.2   61   61  135.9   10.61   0  0.3861  0.0758  0.1962   1.29  -0.04   0.84  0 -0.93055  0.31756 -0.18229 
  -39   27.4   44.9   40   40  131.6    6.89   0  0.2532  0.0487  0.1235   0.37  -0.78  -0.61  0 -0.95141 -0.29676 -0.08222 
  -38  -38.0   38.0   55   55  127.6    7.57   0  0.3481  0.0865  0.1963   1.66   0.26   0.84  0 -0.95334 -0.09248 -0.28740 
  -37   39.0   39.0   26   26  213.9  -14.94   0  0.1646  0.1412  0.1569   3.54   1.75   0.06  0  0.96384 -0.26629 -0.01012 
  -36   35.4   35.4   37   37  218.4  -13.21   0  0.2342  0.1468  0.2069   3.73   1.90   1.05  0  0.85780 -0.49477 -0.13923 
  -35   41.0   41.0    8    8  132.7    8.06   0  0.0506  0.0500  0.0505   0.41  -0.74  -2.06  0 -0.44850  0.89349 -0.02280 
  -34   35.7   35.7   35   35  132.2    7.37   0  0.2215  0.1284  0.1840   3.10   1.40   0.60  0 -0.37577  0.92431 -0.06664 
  -33   36.9   36.9   34   34  153.7   15.50   0  0.2152  0.1468  0.1924   3.73   1.90   0.76  0 -0.98539  0.16292 -0.04955 
  -32   34.3   34.3   41   41  212.2  -13.86   0  0.2595  0.0740  0.1648   1.23  -0.09   0.21  0  0.98728 -0.15722 -0.02360 
  -31   34.3   34.3   41   41  212.2  -13.86   0  0.2595  0.0740  0.1648   1.23  -0.09   0.21  0  0.98728 -0.15722 -0.02360 
  -30    0.0   39.0   52   52  143.1   14.29   0  0.3291  0.1004  0.2239   2.14   0.63   1.39  0 -0.92225  0.38660 -0.00000 
  -29    3.9   32.6   47   47  193.5   12.75   0  0.2975  0.0258  0.0833  -0.42  -1.40  -1.41  0 -0.81092 -0.10810 -0.57509 
  -28   36.9   36.9   34   34  153.7   15.50   0  0.2152  0.1468  0.1924   3.73   1.90   0.76  0 -0.98539  0.16292 -0.04955 
  -27   36.9   36.9   34   34  153.7   15.50   0  0.2152  0.1468  0.1924   3.73   1.90   0.76  0 -0.98539  0.16292 -0.04955 
  -26   36.9   36.9   34   34  153.7   15.50   0  0.2152  0.1468  0.1924   3.73   1.90   0.76  0 -0.98539  0.16292 -0.04955 
  -25   -9.5   15.4   63   63  234.4   10.10   0  0.3987  0.0468  0.1369   0.30  -0.83  -0.34  1 -0.53683  0.17966 -0.82434 
  -24    0.0    0.0    0    0    0.0   -0.00   2  0.0000  0.0000  0.0000  -1.31  -2.11  -3.07  1 -0.00000 -0.00000 -1.00000 
  -23   63.0   63.0   16   16  178.3   11.83   0  0.1013  0.0801  0.0957   1.44   0.08  -1.16  0 -0.69766 -0.48442 -0.52783 
  -22   36.0   36.0   19   19  222.0  -11.21   0  0.1203  0.1125  0.1187   2.56   0.97  -0.70  0 -0.71534  0.64177 -0.27643 
  -21    2.3   13.7   30   15  232.0    3.04   0  0.0949  0.0215  0.0555  -0.57  -1.52  -1.96  0 -0.58358  0.31144 -0.74996 
  -20   -5.6   16.3   51   51  247.7    3.68   0  0.3228  0.1187  0.2273   2.77   1.13   1.46  0 -0.54741  0.59246 -0.59104 
  -19   24.4   56.7   50   39  287.3   -2.30   0  0.2468  0.0914  0.1843   1.83   0.39   0.60  1 -0.50176 -0.15815 -0.85042 
  -18   16.5   58.6   54   54  258.9    1.84   0  0.3418  0.0663  0.1753   0.97  -0.30   0.42  1 -0.38902  0.05913 -0.91933 
  -17  -34.6   75.6   88   88  194.0    3.43   0  0.5570  0.1477  0.3550   3.76   1.93   4.00  1 -0.01886 -0.01796 -0.99966 
  -16   32.8   70.4   33   33  287.4    0.87   0  0.2089  0.1487  0.1885   3.80   1.95   0.68  1 -0.48061 -0.13910 -0.86583 
  -15   -3.0    3.0   48   48  346.0    4.25   0  0.3038  0.1516  0.2483   3.89   2.03   1.88  1  0.00001  0.00000 -1.00000 
  -14   -3.0    3.0   48   48  346.0    4.25   0  0.3038  0.1516  0.2483   3.89   2.03   1.88  1  0.00001  0.00000 -1.00000 
  -13   -3.0    3.0   48   48  346.0    4.25   0  0.3038  0.1516  0.2483   3.89   2.03   1.88  1  0.00001  0.00000 -1.00000 
  -12    0.0    0.0  146    0    0.0   -0.00   2  0.0000  0.0000  0.0000  -1.31  -2.11  -3.07  1 -0.00000 -0.00000 -1.00000 
  -11   -3.0    3.0   48   48  346.0    4.25   0  0.3038  0.1516  0.2483   3.89   2.03   1.88  1  0.00001  0.00000 -1.00000 
  -10   -4.7    4.7   41   36  308.9    2.42   0  0.2278  0.0590  0.1405   0.72  -0.50  -0.27  1 -0.19186  0.43310 -0.88069 
   -9    0.0    0.0  149    0    0.0   -0.00   2  0.0000  0.0000  0.0000  -1.31  -2.11  -3.07  1 -0.00000 -0.00000 -1.00000 
   -8    0.0    0.0  150    0    0.0   -0.00   2  0.0000  0.0000  0.0000  -1.31  -2.11  -3.07  1 -0.00000 -0.00000 -1.00000 
   -7    0.0    0.0  151    0    0.0   -0.00   2  0.0000  0.0000  0.0000  -1.31  -2.11  -3.07  1 -0.00000 -0.00000 -1.00000 
   -6    0.0    0.0  152    0    0.0   -0.00   2  0.0000  0.0000  0.0000  -1.31  -2.11  -3.07  1 -0.00000 -0.00000 -1.00000 
   -5    0.0    0.0  153    0    0.0   -0.00   2  0.0000  0.0000  0.0000  -1.31  -2.11  -3.07  1 -0.00000 -0.00000 -1.00000 
   -4    0.0    0.0  154    0    0.0   -0.00   2  0.0000  0.0000  0.0000  -1.31  -2.11  -3.07  1 -0.00000 -0.00000 -1.00000 
   -3    0.0    0.0  155    0    0.0   -0.00   2  0.0000  0.0000  0.0000  -1.31  -2.11  -3.07  1 -0.00000 -0.00000 -1.00000 
   -2    0.0    0.0  156    0    0.0   -0.00   2  0.0000  0.0000  0.0000  -1.31  -2.11  -3.07  1 -0.00000 -0.00000 -1.00000 
   -1    0.0    0.0  157    0    0.0   -0.00   2  0.0000  0.0000  0.0000  -1.31  -2.11  -3.07  1 -0.00000 -0.00000 -1.00000 
    1    0.0    0.0  157    0    0.0   -0.00   2  0.0000  0.0000  0.0000  -1.31  -2.11  -3.07  1 -0.00000 -0.00000 -1.00000 
    2    0.0    0.0  156    0    0.0   -0.00   2  0.0000  0.0000  0.0000  -1.31  -2.11  -3.07  1 -0.00000 -0.00000 -1.00000 
    3    0.0    0.0  155    0    0.0   -0.00   2  0.0000  0.0000  0.0000  -1.31  -2.11  -3.07  1 -0.00000 -0.00000 -1.00000 
    4    0.0    0.0  154    0    0.0   -0.00   2  0.0000  0.0000  0.0000  -1.31  -2.11  -3.07  1 -0.00000 -0.00000 -1.00000 
    5    0.0    0.0  153    0    0.0   -0.00   2  0.0000  0.0000  0.0000  -1.31  -2.11  -3.07  1 -0.00000 -0.00000 -1.00000 
    6    0.0    0.0  152    0    0.0   -0.00   2  0.0000  0.0000  0.0000  -1.31  -2.11  -3.07  1 -0.00000 -0.00000 -1.00000 
    7    0.0    0.0  151    0    0.0   -0.00   2  0.0000  0.0000  0.0000  -1.31  -2.11  -3.07  1 -0.00000 -0.00000 -1.00000 
    8    0.0    0.0  150    0    0.0   -0.00   2  0.0000  0.0000  0.0000  -1.31  -2.11  -3.07  1 -0.00000 -0.00000 -1.00000 
    9    0.0    0.0  149    0    0.0   -0.00   2  0.0000  0.0000  0.0000  -1.31  -2.11  -3.07  1 -0.00000 -0.00000 -1.00000 
   10    4.7    4.7   41   36   51.1   -2.42   0  0.2278  0.0590  0.1405   0.72  -0.50  -0.27  1 -0.19186  0.43310 -0.88069 
   11    3.0    3.0   48   48   14.0   -4.25   0  0.3038  0.1516  0.2483   3.89   2.03   1.88  1  0.00001  0.00000 -1.00000 
   12    4.8    4.8   44   44   23.9   -5.91   0  0.2785  0.1011  0.2018   2.16   0.66   0.95  1  0.20729 -0.33458 -0.91929 
   13    3.0    3.0   48   48   14.0   -4.25   0  0.3038  0.1516  0.2483   3.89   2.03   1.88  1  0.00001  0.00000 -1.00000 
   14    3.0    3.0   48   48   14.0   -4.25   0  0.3038  0.1516  0.2483   3.89   2.03   1.88  1  0.00001  0.00000 -1.00000 
   15    3.0    3.0   48   48   14.0   -4.25   0  0.3038  0.1516  0.2483   3.89   2.03   1.88  1  0.00001  0.00000 -1.00000 
   16   62.5   62.5   33   33  119.2    7.70   0  0.2089  0.0972  0.1646   2.03   0.55   0.21  0 -0.63753 -0.43148 -0.63826 
   17   71.1   71.1   32   32   88.4   -0.05   0  0.2025  0.0197  0.0667  -0.63  -1.57  -1.74  1 -0.34845 -0.11336 -0.93045 
   18   49.7   79.0   97   97  180.0    0.00   0  0.6139  0.6139  0.6139  19.76  14.65   9.15  1  0.00000 -0.00000 -1.00000 
   19  -29.0   44.5   53   53   96.4    0.27   0  0.3354  0.0550  0.1475   0.58  -0.60  -0.13  1 -0.42387  0.26346 -0.86656 
   20    7.7   12.8   45   45  138.4    7.28   0  0.2848  0.1526  0.2266   3.93   2.06   1.44  1  0.06210 -0.37329 -0.92563 
   21   27.8   27.8   52   52  111.5    0.47   0  0.3291  0.0625  0.1534   0.84  -0.40  -0.01  0 -0.49154  0.64087 -0.58964 
   22  -37.7   37.7   54   54  134.5   11.68   0  0.3418  0.0632  0.1731   0.86  -0.38   0.38  0 -0.91939  0.32583 -0.22037 
   23  -63.0   63.0   16   16  181.7  -11.83   0  0.1013  0.0801  0.0957   1.44   0.08  -1.16  0 -0.69766 -0.48442 -0.52783 
   24    0.0    0.0    0    0    0.0   -0.00   2  0.0000  0.0000  0.0000  -1.31  -2.11  -3.07  1 -0.00000 -0.00000 -1.00000 
   25  -21.6   56.3   23   23  257.2   -6.97   0  0.1456  0.0417  0.0895   0.12  -0.97  -1.29  0  0.68182 -0.72690 -0.08205 
   26  -41.1   41.1   35   35  118.0   10.20   0  0.2215  0.0756  0.1494   1.29  -0.04  -0.09  0  0.85818 -0.48916 -0.15574 
   27  -41.0   41.0   36   36  118.3   10.30   0  0.2278  0.0741  0.1509   1.24  -0.08  -0.06  0  0.86078 -0.48445 -0.15606 
   28  -42.7   42.7   34   34  115.3   10.00   0  0.2152  0.0628  0.1353   0.85  -0.39  -0.37  0  0.87939 -0.46993 -0.07643 
   29   26.6   26.6   28   28  128.2    0.57   0  0.1772  0.0726  0.1351   1.19  -0.12  -0.38  0 -0.47836  0.79795 -0.36667 
   30  -40.3   40.3   46   46  129.9   10.46   0  0.2911  0.0552  0.1505   0.59  -0.60  -0.07  0  0.92001 -0.37703 -0.10694 
   31  -39.5   39.5   56   56  135.6   10.22   0  0.3544  0.0704  0.1835   1.11  -0.18   0.59  0  0.90886 -0.39457 -0.13527 
   32  -40.8   40.8   41   41  121.9   10.86   0  0.2595  0.0597  0.1509   0.74  -0.48  -0.06  0  0.88746 -0.43641 -0.14820 
   33  -37.6   37.6   65   65  131.4    8.87   0  0.4114  0.0776  0.1943   1.36   0.01   0.80  0  0.84644 -0.39546 -0.35658 
   34  -26.5   26.5   26   26  228.7   -0.15   0  0.1646  0.0609  0.1187   0.78  -0.44  -0.71  0 -0.46542  0.79947 -0.37978 
   35  -39.6   39.6   28   28  142.2   11.65   0  0.1772  0.0712  0.1275   1.14  -0.16  -0.53  0  0.85612 -0.49922 -0.13354 
   36  -40.3   40.3   50   50  126.2   10.75   0  0.3165  0.1148  0.2277   2.63   1.03   1.47  0  0.84955 -0.50784 -0.14269 
   37  -39.0   39.0   23   23  146.9   14.92   0  0.1456  0.1261  0.1387   3.02   1.34  -0.31  0  0.96400 -0.26581 -0.00749 
   38   38.2   38.2   62   62  223.9  -10.62   0  0.3924  0.0798  0.2017   1.43   0.07   0.95  0 -0.93097  0.31616 -0.18259 
   39  -27.4   44.9   40   40  228.4   -6.89   0  0.2532  0.0487  0.1235   0.37  -0.78  -0.61  0 -0.95141 -0.29676 -0.08222 
   40   38.2   38.2   62   62  223.9  -10.62   0  0.3924  0.0798  0.2017   1.43   0.07   0.95  0 -0.93097  0.31616 -0.18259 
   41  -32.0   32.0   19   19  145.9   -4.54   0  0.1203  0.1150  0.1192   2.64   1.03  -0.69  0 -0.68242 -0.63338 -0.36487 
   42  -24.4   45.0   38   38  224.6   -7.36   0  0.2405  0.0539  0.1267   0.54  -0.63  -0.55  0 -0.96067 -0.24987 -0.12113 
   43   38.3   38.3   58   58  227.0  -10.82   0  0.3671  0.0706  0.1974   1.11  -0.18   0.86  0 -0.90857  0.37811 -0.17758 
   44  -46.8   46.8   55   55  189.5  -12.31   0  0.3481  0.1364  0.2532   3.37   1.62   1.97  0 -0.79086 -0.38770 -0.47353 
   45  -46.8   46.8   55   55  189.5  -12.31   0  0.3481  0.1364  0.2532   3.37   1.62   1.97  0 -0.79086 -0.38770 -0.47353 
   46  -46.6   46.6   56   56  190.1  -12.30   0  0.3544  0.1382  0.2574   3.44   1.67   2.06  0 -0.79001 -0.38944 -0.47352 
   47  -46.8   46.8   55   55  189.5  -12.31   0  0.3481  0.1364  0.2532   3.37   1.62   1.97  0 -0.79086 -0.38770 -0.47353 
   48  -46.6   46.6   56   56  190.1  -12.30   0  0.3544  0.1382  0.2574   3.44   1.67   2.06  0 -0.79001 -0.38944 -0.47352 
   49  -45.5   45.5   50   50  188.2  -12.94   0  0.3165  0.1459  0.2406   3.70   1.88   1.72  0 -0.82966 -0.37774 -0.41108 
   50   44.3   44.3   60   60  123.2    9.03   0  0.3797  0.0524  0.1498   0.49  -0.68  -0.09  0  0.93772  0.32578 -0.12063 
   51   44.7   44.7   43   43  110.9   10.94   0  0.2722  0.0210  0.0781  -0.58  -1.53  -1.51  0  0.99149  0.00954 -0.12984 
   52  -46.6   46.6   56   56  190.1  -12.30   0  0.3544  0.1382  0.2574   3.44   1.67   2.06  0 -0.79001 -0.38944 -0.47352 
   53  -39.0   39.0   62   62  129.9    9.72   0  0.3924  0.0917  0.2196   1.84   0.40   1.30  0  0.95219 -0.20601 -0.22561 
   54  -37.7   37.7   60   60  133.6   10.09   0  0.3797  0.0496  0.1508   0.40  -0.75  -0.07  0  0.97458 -0.09749 -0.20170 
   55  -37.7   37.7   60   60  133.6   10.09   0  0.3797  0.0496  0.1508   0.40  -0.75  -0.07  0  0.97458 -0.09749 -0.20170 
   56  -37.8   37.8   61   61  132.9   10.05   0  0.3861  0.0505  0.1533   0.43  -0.73  -0.02  0  0.97473 -0.09246 -0.20337 
   57  -37.7   37.7   60   60  133.6   10.09   0  0.3797  0.0496  0.1508   0.40  -0.75  -0.07  0  0.97458 -0.09749 -0.20170 
   58    0.0    0.0  100    0    0.0   -0.00   2  0.0000  0.0000  0.0000  -1.31  -2.11  -3.07  1 -0.00000 -0.00000 -1.00000 
   59    0.0    0.0   99    0    0.0   -0.00   2  0.0000  0.0000  0.0000  -1.31  -2.11  -3.07  1 -0.00000 -0.00000 -1.00000 
   60    0.0    0.0    4    0    0.0   -0.00   2  0.0000  0.0000  0.0000  -1.31  -2.11  -3.07  1 -0.00000 -0.00000 -1.00000 
   61   47.1   47.1   36   36   37.2   14.85   0  0.2278  0.1104  0.1774   2.48   0.91   0.46  0 -0.72867 -0.38869 -0.56389 
   62  -35.0   35.0   25   25  127.6    3.72   0  0.1582  0.0973  0.1331   2.03   0.55  -0.42  0  0.89525  0.18204 -0.40668 
   63  -58.5   58.5   55   55  100.1    2.74   0  0.3481  0.0491  0.1317   0.38  -0.76  -0.45  0  0.63267  0.12627 -0.76406 
   64  -59.5   59.5   58   58   99.4    2.01   0  0.3671  0.0464  0.1341   0.29  -0.84  -0.40  1  0.58423  0.16789 -0.79403 
   65   -6.7   70.1   67   67   95.2    3.46   0  0.4241  0.1040  0.2347   2.26   0.73   1.60  1  0.46421  0.21512 -0.85920 
   66  -59.5   59.5   58   58   99.4    2.01   0  0.3671  0.0464  0.1341   0.29  -0.84  -0.40  1  0.58423  0.16789 -0.79403 
   67    6.5   79.0  146  146  180.0    0.00   0  0.9241  0.9241  0.9241  30.40  23.12  15.33  1  0.00000 -0.00000 -1.00000 
   68   -7.7   73.7   46   46  102.4    0.95   0  0.2911  0.1467  0.2257   3.73   1.90   1.43  1  0.24446  0.16415 -0.95567 
   69  -17.2   75.0   44   44  109.2    0.98   0  0.2785  0.1126  0.1960   2.56   0.97   0.83  1  0.22191  0.16981 -0.96017 
   70    4.8   79.0  149  149  180.0    0.00   0  0.9430  0.9430  0.9430  31.05  23.63  15.71  1  0.00000 -0.00000 -1.00000 
   71    4.2   79.0  150  150  180.0    0.00   0  0.9494  0.9494  0.9494  31.27  23.81  15.83  1  0.00000 -0.00000 -1.00000 
   72    3.7   79.0  151  151  180.0    0.00   0  0.9557  0.9557  0.9557  31.49  23.98  15.96  1  0.00000 -0.00000 -1.00000 
   73    3.1   79.0  152  152  180.0    0.00   0  0.9620  0.9620  0.9620  31.71  24.15  16.08  1  0.00000 -0.00000 -1.00000 
   74    2.6   79.0  153  153  180.0    0.00   0  0.9684  0.9684  0.9684  31.92  24.33  16.21  1  0.00000 -0.00000 -1.00000 
   75    2.1   79.0  154  154  180.0    0.00   0  0.9747  0.9747  0.9747  32.14  24.50  16.34  1  0.00000 -0.00000 -1.00000 
   76    1.5   79.0  155  155  180.0    0.00   0  0.9810  0.9810  0.9810  32.36  24.67  16.46  1  0.00000 -0.00000 -1.00000 
   77    1.0   79.0  156  156  180.0    0.00   0  0.9873  0.9873  0.9873  32.57  24.84  16.59  1  0.00000 -0.00000 -1.00000 
   78    0.5   79.0  157  157  180.0    0.00   0  0.9937  0.9937  0.9937  32.79  25.02  16.71  1  0.00000 -0.00000 -1.00000 
   79    0.0   79.0  158  158  180.0   -0.00   0  1.0000  1.0000  1.0000  33.01  25.19  16.84  1  0.00000 -0.00000 -1.00000 
   80   -0.5   79.0  157  157  180.0   -0.00   0  0.9937  0.9937  0.9937  32.79  25.02  16.71  1  0.00000 -0.00000 -1.00000 
   81   -1.0   79.0  156  156  180.0   -0.00   0  0.9873  0.9873  0.9873  32.57  24.84  16.59  1  0.00000 -0.00000 -1.00000 
   82   -1.5   79.0  155  155  180.0   -0.00   0  0.9810  0.9810  0.9810  32.36  24.67  16.46  1  0.00000 -0.00000 -1.00000 
   83   -2.1   79.0  154  154  180.0   -0.00   0  0.9747  0.9747  0.9747  32.14  24.50  16.34  1  0.00000 -0.00000 -1.00000 
   84   -2.6   79.0  153  153  180.0   -0.00   0  0.9684  0.9684  0.9684  31.92  24.33  16.21  1  0.00000 -0.00000 -1.00000 
   85   -3.1   79.0  152  152  180.0   -0.00   0  0.9620  0.9620  0.9620  31.71  24.15  16.08  1  0.00000 -0.00000 -1.00000 
   86   -3.7   79.0  151  151  180.0   -0.00   0  0.9557  0.9557  0.9557  31.49  23.98  15.96  1  0.00000 -0.00000 -1.00000 
   87   -4.2   79.0  150  150  180.0   -0.00   0  0.9494  0.9494  0.9494  31.27  23.81  15.83  1  0.00000 -0.00000 -1.00000 
   88   -4.8   79.0  149  149  180.0   -0.00   0  0.9430  0.9430  0.9430  31.05  23.63  15.71  1  0.00000 -0.00000 -1.00000 
   89   -5.3   79.0  148  148  180.0   -0.00   0  0.9367  0.9367  0.9367  30.84  23.46  15.58  1  0.00000 -0.00000 -1.00000 
   90  -51.3   51.3   86   86  222.0   -5.07   0  0.5443  0.0719  0.2068   1.16  -0.14   1.05  1 -0.41764 -0.27499 -0.86600 
   91  -32.3   73.1   82   82  201.3   -2.70   0  0.5190  0.0561  0.1863   0.62  -0.57   0.64  1 -0.19273 -0.04551 -0.98020 
   92  -50.0   50.0   71   71  228.0   -6.67   0  0.4494  0.0715  0.1860   1.15  -0.15   0.63  1 -0.32774 -0.30500 -0.89418 
   93  -66.6   66.6   71   71  242.5  -10.14   0  0.4494  0.0819  0.2107   1.50   0.13   1.13  1 -0.49178 -0.30430 -0.81582 
   94  -47.0   47.0   62   62  232.4   -8.39   0  0.3924  0.0589  0.1749   0.71  -0.50   0.41  1 -0.46143 -0.31237 -0.83037 
   95   -8.9   79.0  142  142  180.0   -0.00   0  0.8987  0.8987  0.8987  29.53  22.43  14.82  1  0.00000 -0.00000 -1.00000 
   96  -63.6   63.6   31   31  255.6  -16.40   0  0.1962  0.0623  0.1237   0.83  -0.40  -0.61  1 -0.55121 -0.03084 -0.83379 
   97  -63.6   63.6   31   31  255.6  -16.40   0  0.1962  0.0623  0.1237   0.83  -0.40  -0.61  1 -0.55121 -0.03084 -0.83379 
   98  -49.6   49.6   54   54  232.9   -6.59   0  0.3418  0.0447  0.1432   0.23  -0.89  -0.22  0 -0.70094 -0.38961 -0.59740 
   99  -49.4   49.4   54   54  235.5   -7.01   0  0.3418  0.0453  0.1459   0.25  -0.87  -0.16  0 -0.67779 -0.40164 -0.61587 
  100  -57.4   57.4   50   50  238.6   -9.20   0  0.3165  0.0694  0.1618   1.08  -0.21   0.15  0 -0.73427 -0.42416 -0.53004 
  101  -56.3   56.3   52   52  237.5   -9.12   0  0.3291  0.0689  0.1663   1.06  -0.23   0.24  0 -0.73453 -0.42017 -0.53285 
  102  -56.2   56.2   50   50  239.4   -9.96   0  0.3165  0.0361  0.1226  -0.07  -1.12  -0.63  0 -0.75680 -0.42838 -0.49371 
  103  -46.6   46.6   56   56  190.1  -12.30   0  0.3544  0.1382  0.2574   3.44   1.67   2.06  0 -0.79001 -0.38944 -0.47352 
  104  -48.5   48.5   53   53  182.5  -11.33   0  0.3354  0.1284  0.2437   3.10   1.40   1.78  0 -0.80826 -0.37364 -0.45509 
  105  -68.1   68.1   48   48  227.5    9.87   0  0.3038  0.0632  0.1458   0.86  -0.38  -0.16  1 -0.46105  0.04225 -0.88637 
  106   -8.6   43.6   44   44  222.2  -12.45   0  0.2785  0.0318  0.0924  -0.21  -1.24  -1.23  0 -0.94295 -0.02717 -0.33182 
  107  -50.5   50.5   56   56  240.6  -11.87   0  0.3544  0.0685  0.1699   1.04  -0.24   0.31  0 -0.80609 -0.47130 -0.35790 
  108  -12.2   50.2   28   28  129.3    6.92   0  0.1772  0.1170  0.1565   2.71   1.09   0.05  0  0.88907  0.27609 -0.36514 
  109  -26.1   46.0   47   47  116.3    8.40   0  0.2975  0.0811  0.1821   1.48   0.11   0.56  0  0.93399  0.31392 -0.17066 
  110  -41.9   41.9   57   57  122.9   11.25   0  0.3608  0.0380  0.1273  -0.00  -1.07  -0.53  0  0.99985  0.01150 -0.01325 
  111  -16.7   47.3   51   51  125.5    6.14   0  0.3228  0.0561  0.1546   0.62  -0.57   0.01  0  0.92597  0.34939 -0.14317 
  112  -41.6   41.6   57   57  223.0  -11.36   0  0.3608  0.0526  0.1459   0.50  -0.67  -0.16  0 -0.99662 -0.07710 -0.02852 
  113   -4.3   46.9   39   39  128.7    5.62   0  0.2468  0.0620  0.1385   0.82  -0.41  -0.31  0  0.92967  0.32524 -0.17303 
  114  -41.3   41.3   53   53  224.8  -11.49   0  0.3354  0.0422  0.1304   0.14  -0.95  -0.47  0 -0.99987  0.00544 -0.01505 
  115   -6.3   45.0   55   55  123.2    6.86   0  0.3481  0.1631  0.2621   4.29   2.35   2.15  0  0.92021  0.16555 -0.35468 
  116  -39.6   39.6   64   64  128.9    9.98   0  0.4051  0.0553  0.1587   0.59  -0.60   0.09  0  0.99155 -0.02557 -0.12720 
  117   18.2   43.7   44   44  130.9    9.40   0  0.2785  0.0635  0.1488   0.87  -0.37  -0.10  0  0.96442  0.25200 -0.07995 
  118  -37.8   37.8   61   61  132.9   10.05   0  0.3861  0.0505  0.1533   0.43  -0.73  -0.02  0  0.97473 -0.09246 -0.20337 
  119  -38.0   38.0   55   55  126.5    7.71   0  0.3481  0.0849  0.1949   1.61   0.21   0.81  0  0.95544  0.07171 -0.28633 
  120   -8.4   43.6   53   53  126.0    6.82   0  0.3354  0.1117  0.2272   2.53   0.94   1.46  0  0.88867  0.20056 -0.41237 
  121   -7.7   43.7   55   55  126.9    6.70   0  0.3481  0.1167  0.2339   2.70   1.08   1.59  0  0.88669  0.20292 -0.41546 
  122  -53.9   53.9   64   64  103.0    2.93   0  0.4051  0.0666  0.1719   0.98  -0.29   0.35  0  0.74406  0.33836 -0.57610 
  123    6.7   44.8   62   62  126.3    5.37   0  0.3924  0.0487  0.1586   0.36  -0.78   0.09  0  0.86839  0.12434 -0.48004 
  124    1.4   40.1   59   59  122.1    5.73   0  0.3734  0.0692  0.1859   1.07  -0.22   0.63  0  0.95897 -0.09227 -0.26809 
  125    9.0   44.2   64   64  127.4    6.07   0  0.4051  0.0663  0.1717   0.97  -0.30   0.35  0  0.85077  0.07732 -0.51982 
  126   11.1   45.6   62   62  123.8    5.38   0  0.3924  0.0448  0.1483   0.23  -0.88  -0.11  0  0.86835  0.10599 -0.48450 
  127  -37.9   37.9   70   70  131.9    8.69   0  0.4430  0.0821  0.2160   1.51   0.14   1.23  0  0.84044 -0.41666 -0.34649 
  128  -34.9   34.9   35   35  131.3    8.40   0  0.2215  0.0355  0.1060  -0.09  -1.14  -0.96  0  0.83630 -0.35080 -0.42135 
  129  -30.2   30.2   38   38  155.9    5.52   0  0.2405  0.0351  0.0957  -0.10  -1.15  -1.16  0  0.73930 -0.33763 -0.58262 
  130  -30.2   30.2   38   38  155.9    5.52   0  0.2405  0.0351  0.0957  -0.10  -1.15  -1.16  0  0.73930 -0.33763 -0.58262 
  131  -41.3   41.3   60   60  158.6   -0.83   0  0.3797  0.0496  0.1508   0.40  -0.75  -0.07  0 -0.09119 -0.91171 -0.40058 
  132  -39.6   39.6   34   34  170.2   11.67   0  0.2152  0.0476  0.1091   0.33  -0.81  -0.90  0  0.79143 -0.56386 -0.23599 
  133   70.0   70.0    8    8  180.5   -8.72   0  0.0506  0.0223  0.0390  -0.54  -1.50  -2.29  0  0.11217  0.86661 -0.48622 
  134  -17.6   57.7   46   46  147.9  -10.79   0  0.2911  0.0794  0.1817   1.42   0.06   0.55  1  0.18442 -0.00143 -0.98285 
  135  -23.0   23.0   17   17  206.2    0.57   0  0.1076  0.0662  0.0906   0.97  -0.30  -1.26  0  0.53770 -0.39883 -0.74284 
  136  -11.6   17.1   23   23  117.4  -20.02   0  0.1456  0.0703  0.1185   1.11  -0.19  -0.71  0 -0.69497  0.68590 -0.21576 
  137  -21.0   21.0   14   14  124.1  -20.35   0  0.0886  0.0723  0.0838   1.17  -0.13  -1.40  1 -0.28460  0.34580 -0.89410 
  138  -37.4   38.4   43   32  172.7   -4.07   0  0.2025  0.0557  0.1239   0.61  -0.58  -0.60  1  0.32961 -0.05479 -0.94253 
  139  -30.7   30.7   44   44  170.3   10.24   0  0.2785  0.0555  0.1373   0.60  -0.59  -0.33  0  0.58618 -0.72665 -0.35829 
  140   -9.7   14.8   25   25  111.2  -19.50   0  0.1582  0.0964  0.1340   2.00   0.53  -0.40  0 -0.61232  0.74379 -0.26803 
  141   -8.4   14.8   25   25  138.3  -11.97   0  0.1582  0.0598  0.1141   0.75  -0.47  -0.80  1  0.00627  0.18602 -0.98253 
  142  -67.4   69.1   95   95  180.2   -1.73   0  0.6013  0.2686  0.4466   7.91   5.23   5.82  1  0.05315 -0.04291 -0.99766 
  143   -4.0   13.3   26   26  106.5  -19.25   0  0.1646  0.1154  0.1499   2.65   1.05  -0.08  0 -0.67066  0.74056 -0.04230 
  144  -14.0   14.0   13   13  112.4  -17.96   0  0.0823  0.0779  0.0814   1.37   0.02  -1.45  1 -0.40311  0.48752 -0.77449 
  145    5.5   11.2   59   32  136.2   -4.10   0  0.2025  0.0243  0.0757  -0.47  -1.44  -1.56  1  0.13018 -0.39955 -0.90742 
  146  -30.4   30.4   68   68  174.3    0.93   0  0.4304  0.0421  0.1321   0.14  -0.96  -0.44  0 -0.02845 -0.84267 -0.53768 
  147    4.0   13.3   26   26  253.5   19.25   0  0.1646  0.1154  0.1499   2.65   1.05  -0.08  0  0.67066 -0.74056 -0.04232 
  148  -10.0   10.0   10   10  125.2  -11.42   0  0.0633  0.0622  0.0631   0.83  -0.41  -1.81  1 -0.22062  0.29883 -0.92845 
  149   -3.8    3.8   35    9  172.5    2.89   0  0.0570  0.0368  0.0515  -0.04  -1.10  -2.04  1  0.14535 -0.31089 -0.93927 
  150    7.4   14.9   17   17  239.8   18.83   0  0.1076  0.0608  0.0903   0.78  -0.45  -1.27  0  0.58727 -0.73535 -0.33820 
  151   -7.0    7.0    7    7  106.0  -18.66   0  0.0443  0.0437  0.0442   0.19  -0.91  -2.19  0 -0.56987  0.61773 -0.54190 
  152   -6.0    6.0    6    6  142.0   -2.20   0  0.0380  0.0372  0.0378  -0.03  -1.09  -2.32  1 -0.02948  0.05201 -0.99821 
  153  -28.0   28.0   24   24  198.5   14.25   0  0.1519  0.0404  0.0924   0.08  -1.00  -1.23  0  0.41765 -0.49679 -0.76076 
  154   16.2   18.0   18   18  257.2   20.78   0  0.1139  0.0801  0.1049   1.44   0.08  -0.98  0  0.68727 -0.68493 -0.24192 
  155  -69.0   69.0   13   13  135.3   -6.45   0  0.0823  0.0630  0.0754   0.86  -0.39  -1.57  1 -0.54166  0.29829 -0.78589 
